%% MATPOWER Case Format : Version 2
function mpc = NEM
mpc.version = '2';

%%-----  Power Flow Data  -----%%
%% system MVA base
mpc.baseMVA = 100;
%% bus data
%    bus_i    type    Pd    Qd    Gs    Bs    area    Vm    Va    baseKV    zone    Vmax    Vmin
mpc.bus = [
	2112	1	-18.45662472600812	0.0	0.0	10.795830222758003	5	0.9892710496475579	-16.21300726626961	33.0	1	1.1	0.9				
	2114	2	0.0	0.0	0.0	0.0	5	0.988029999999963	-9.489058153242349	13.8	1	1.1	0.9				
	2115	2	0.0	0.0	0.0	0.0	5	0.9828199999999624	-9.475048074851928	13.8	1	1.1	0.9				
	2116	2	0.0	0.0	0.0	0.0	5	0.9881999999999609	-8.41596206661469	13.8	1	1.1	0.9				
	2117	2	0.0	0.0	0.0	0.0	5	1.0551099999999674	-15.20584568837946	11.0	1	1.1	0.9				
	2118	2	1.43784302386409	0.0	0.0	0.0	5	0.9815899999999754	-21.24889756639202	13.8	1	1.1	0.9				
	2119	2	0.0	0.0	0.0	0.0	5	0.9472699999999736	-23.12029656061829	11.0	1	1.1	0.9				
	2120	1	0.0	0.0	0.0	0.0	5	0.9867540138761887	-25.77252436975623	11.5	1	1.1	0.9				
	2121	1	0.0	0.0	0.0	0.0	5	0.9873162444127156	-25.97406112335485	11.5	1	1.1	0.9				
	2122	1	0.0	0.0	0.0	0.0	5	0.9873162444127166	-25.974061123354872	11.5	1	1.1	0.9				
	2123	2	0.0	0.0	0.0	0.0	5	0.9930699999999739	-19.50710126875388	11.5	1	1.1	0.9				
	2124	2	5.34111425835183	1.84528285784936	0.0	0.0	5	1.055739999999976	-19.35097242029227	14.5	1	1.1	0.9				
	2125	2	0.0	0.0	0.0	0.0	5	1.052709999999975	-19.84216304873227	13.2	1	1.1	0.9				
	2126	2	0.0	0.0	0.0	0.0	5	1.0549499999999845	-5.957068761405664	11.0	1	1.1	0.9				
	2127	2	0.0	0.0	0.0	0.0	5	1.0482099999999845	-5.97390143805796	11.0	1	1.1	0.9				
	2128	2	0.0	0.0	0.0	0.0	5	1.0503499999999855	-6.117747198316691	11.0	1	1.1	0.9				
	2129	2	0.0	0.0	0.0	0.0	5	1.0057099999999846	-4.956388096476981	11.0	1	1.1	0.9				
	2130	2	0.0	0.0	0.0	0.0	5	1.0063999999999846	-5.163580510229564	11.0	1	1.1	0.9				
	2131	2	0.0	0.0	0.0	0.0	5	1.0036499999999855	-5.132106409468764	11.0	1	1.1	0.9				
	2132	2	0.0	0.0	0.0	0.0	5	1.0319899999999682	-8.50321338915992	11.0	1	1.1	0.9				
	2133	2	0.0	0.0	0.0	0.0	5	0.9613799999999837	-7.330784215862151	11.0	1	1.1	0.9				
	2134	2	0.0	0.0	0.0	0.0	5	0.9564499999999666	1.383629340060046	18.0	1	1.1	0.9				
	2135	2	0.0	0.0	0.0	0.0	5	0.9563999999999667	1.484562050913067	18.0	1	1.1	0.9				
	2136	3	0.0	0.0	0.0	0.0	5	0.9491999999999672	-2.566064614410412e-12	18.0	1	1.1	0.9				
	2137	1	0.0	0.0	0.0	0.0	5	0.9989284558399221	-17.17576131378201	6.6	1	1.1	0.9				
	2138	2	0.0	0.0	0.0	0.0	5	1.0235599999999774	-17.06932269618163	11.0	1	1.1	0.9				
	2139	2	0.0	0.0	0.0	0.0	5	1.0172099999999782	-18.2516958498589	11.0	1	1.1	0.9				
	2140	2	0.0	0.0	0.0	0.0	5	0.9884199999999744	-11.52684528788591	16.0	1	1.1	0.9				
	2141	1	0.0	0.0	0.0	0.0	5	0.9851027127018712	-17.160558437709515	16.0	1	1.1	0.9				
	2142	2	0.0	0.0	0.0	0.0	5	0.98836999999997	-12.26099282348346	16.0	1	1.1	0.9				
	2143	2	0.0	0.0	0.0	0.0	5	0.9868499999999706	-12.30471471464168	16.0	1	1.1	0.9				
	2144	2	0.0	0.0	0.0	0.0	5	0.9899399999999694	-11.80968315810109	16.0	1	1.1	0.9				
	2145	1	0.0	0.0	0.0	0.0	5	0.9814537163638125	-18.05794123151719	16.0	1	1.1	0.9				
	2146	1	-7.48757228344437	0.0	0.0	0.0	5	1.0458064099536146	-22.62885027498207	0.6899999999999998	1	1.1	0.9				
	2147	1	0.0	0.0	0.0	0.0	5	1.0291574124903669	-23.27718797868486	22.0	1	1.1	0.9				
	2148	2	0.0	0.0	0.0	0.0	5	1.072739999999978	-22.83921961218258	1.0	1	1.1	0.9				
	2149	1	0.0	0.0	0.0	-5.707333615810607	5	0.9917766232329166	-16.15057865453107	13.8	1	1.1	0.9				
	2150	1	0.0	0.0	0.0	-6.037795464042566	5	0.9915434003621789	-16.1500205260412	13.8	1	1.1	0.9				
	2152	1	0.0	0.0	0.0	0.0	5	1.0322179518767036	-18.62283211417683	110.0	1	1.1	0.9				
	2153	1	0.0	0.0	0.0	0.0	5	1.0296384456928327	-18.71443108763672	110.0	1	1.1	0.9				
	2155	1	0.0	0.0	0.0	0.0	5	1.029358766737101	-18.53481022092111	110.0	1	1.1	0.9				
	2156	1	0.0	0.0	0.0	0.0	5	1.0321434824700746	-18.62190247396134	110.0	1	1.1	0.9				
	2157	1	0.0	0.0	0.0	0.0	5	1.0246072245334255	-19.39283891011664	110.0	1	1.1	0.9				
	2158	1	0.0	0.0	0.0	0.0	5	1.0280800159212082	-18.80424427533249	110.0	1	1.1	0.9				
	2160	1	0.0	0.0	0.0	0.0	5	1.030239148425398	-23.25155278564667	110.0	1	1.1	0.9				
	2161	1	0.0	0.0	0.0	0.0	5	1.0298979163191582	-23.43188183267197	110.0	1	1.1	0.9				
	2162	1	0.0	0.0	0.0	0.0	5	1.0273426353222792	-24.683561703395	110.0	1	1.1	0.9				
	2163	1	0.0	0.0	0.0	0.0	5	1.025492267571251	-24.85682165470057	110.0	1	1.1	0.9				
	2164	1	0.0	0.0	0.0	30.2475361833349	5	1.0381236669216882	-24.22099710888998	110.0	1	1.1	0.9				
	2165	1	0.0	0.0	0.0	0.0	5	1.0369786690845	-24.21526118327334	110.0	1	1.1	0.9				
	2166	1	0.0	0.0	0.0	29.894232766237096	5	1.0302264649004873	-23.25144886630597	110.0	1	1.1	0.9				
	2167	1	0.0	0.0	0.0	0.0	5	1.0307168732910854	-23.96898772933274	110.0	1	1.1	0.9				
	2168	1	0.0	0.0	0.0	0.0	5	1.0231642600894901	-23.87794214220728	110.0	1	1.1	0.9				
	2169	1	0.0	0.0	0.0	0.0	5	1.025611277320098	-23.70912916683793	110.0	1	1.1	0.9				
	2170	1	0.0	0.0	0.0	0.0	5	1.0262321341501854	-23.55802313083818	110.0	1	1.1	0.9				
	2171	1	0.0	0.0	0.0	0.0	5	1.0054221923977726	-21.08921997921235	110.0	1	1.1	0.9				
	2172	1	0.0	0.0	0.0	0.0	5	1.0155911786184337	-20.28243072670865	110.0	1	1.1	0.9				
	2173	1	0.0	0.0	0.0	27.5769489619415	5	1.0321907632602818	-25.97404479212958	110.0	1	1.1	0.9				
	2174	1	0.0	0.0	0.0	0.0	5	1.0294664820108792	-26.23850866449881	110.0	1	1.1	0.9				
	2175	1	109.56073877135671	5.564466014368461	0.0	0.0	5	1.0286410735762936	-26.387783469711355	110.0	1	1.1	0.9				
	2176	1	0.0	0.0	0.0	0.0	5	1.0180320222085428	-19.17667219695734	110.0	1	1.1	0.9				
	2177	1	0.0	0.0	0.0	0.0	5	1.017275017169279	-19.29365856979451	110.0	1	1.1	0.9				
	2178	1	0.0	0.0	0.0	0.0	5	1.0208968671416527	-18.44168455785722	110.0	1	1.1	0.9				
	2180	1	0.0	0.0	0.0	0.0	5	1.0521049759471799	-9.441695589474312	110.0	1	1.1	0.9				
	2183	1	0.0	0.0	0.0	0.0	5	1.0444188451714136	-10.94629438897348	110.0	1	1.1	0.9				
	2186	1	0.0	0.0	0.0	0.0	5	1.02615968379474	-11.57154785635901	110.0	1	1.1	0.9				
	2189	1	0.0	0.0	0.0	0.0	5	1.052307147666922	-9.453442420842276	110.0	1	1.1	0.9				
	2190	1	0.0	0.0	0.0	0.0	5	1.0213898975106936	-13.33567831722176	110.0	1	1.1	0.9				
	2192	1	0.0	0.0	0.0	0.0	5	1.02363142854976	-14.57547963894572	110.0	1	1.1	0.9				
	2193	1	0.0	0.0	0.0	0.0	5	1.0258335709655355	-14.01541046414393	110.0	1	1.1	0.9				
	2194	1	0.0	0.0	0.0	0.0	5	1.024653767082861	-14.26339022835959	110.0	1	1.1	0.9				
	2195	1	0.0	0.0	0.0	39.442905746400385	5	1.0229353069516054	-14.77813671605134	110.0	1	1.1	0.9				
	2198	1	0.0	0.0	0.0	0.0	5	1.0224268429166419	-14.924995913322961	110.0	1	1.1	0.9				
	2199	1	4.1484034366929	1.226811962736258	0.0	0.0	5	1.0943243991903566	-14.79895571287288	33.0	1	1.1	0.9				
	2200	1	0.0	0.0	0.0	0.0	5	1.0219940718710745	-15.05154039045583	110.0	1	1.1	0.9				
	2201	1	0.0	0.0	0.0	0.0	5	1.0219387283862174	-15.051271561860638	110.0	1	1.1	0.9				
	2202	1	0.0	0.0	0.0	0.0	5	1.0172684773958582	-15.44987718779515	110.0	1	1.1	0.9				
	2203	1	0.0	0.0	0.0	0.0	5	1.0215047718264618	-15.14638016724107	110.0	1	1.1	0.9				
	2204	1	0.0	0.0	0.0	0.0	5	1.0217819050202008	-14.426166370243312	110.0	1	1.1	0.9				
	2205	1	0.0	0.0	0.0	0.0	5	1.0218661369411564	-14.38137789435048	110.0	1	1.1	0.9				
	2206	1	0.0	0.0	0.0	0.0	5	1.0224164644898102	-14.3862573666353	110.0	1	1.1	0.9				
	2207	1	0.0	0.0	0.0	0.0	5	1.0185261848798728	-14.57533945520683	110.0	1	1.1	0.9				
	2208	1	0.0	0.0	0.0	0.0	5	0.9660015711330783	-20.04516282897815	110.0	1	1.1	0.9				
	2209	1	0.0	0.0	0.0	0.0	5	1.0161858248134827	-14.71933780818137	110.0	1	1.1	0.9				
	2210	1	0.0	0.0	0.0	0.0	5	1.0142969916955673	-14.83693599742162	110.0	1	1.1	0.9				
	2212	1	0.0	0.0	0.0	0.0	5	1.020436692358242	-15.17894251112132	110.0	1	1.1	0.9				
	2214	1	0.0	0.0	0.0	0.0	5	1.0147684000122736	-19.783825492362723	110.0	1	1.1	0.9				
	2215	1	0.0	0.0	0.0	0.0	5	1.0318104127705299	-16.62470997300982	110.0	1	1.1	0.9				
	2217	1	0.0	0.0	0.0	0.0	5	1.0390372764710192	-12.36198411891142	110.0	1	1.1	0.9				
